[LIGHTS]
name=SceneLight1
position=0.0f 1000.0f 0.0f 1.0f
diffuse=1.0f 1.0f 1.0f 1.0f
specular=1.0f 1.0f 1.0f 1.0f
atten=0.0f 0.000003f 0.000001f 1000000.0f
direction=0.0f 0.0f 0.0f 1.0f
param1=0.0f 0.0f 0.0f 1.0f
param2=1.0f 0.0f 0.0f 1.0f

name=SceneLight2
position=0.0f -1000.0f -0.0f 1.0f
diffuse=1.0f 1.0f 1.0f 1.0f
specular=1.0f 1.0f 1.0f 1.0f
atten=0.0f 0.000003f 0.000001f 1000000.0f
direction=0.0f 0.0f 0.0f 1.0f
param1=0.0f 0.0f 0.0f 1.0f
param2=1.0f 0.0f 0.0f 1.0f